Equation: 0.392380 + (0.000000*1) + (-0.824712*g_s) + (0.065781*tau_s)
R2: 0.9458
