Equation: 0.318087 + (0.000000*1) + (-0.713498*g_s) + (0.068751*tau_s)
R2: 0.8928
