Before: 71.614307 + (0.000000*1) + (-14.724283*tau_s) + (1.036105*tau_s^2) (R2=0.9891)
After: 71.614307 + (0.000000*1) + (-14.724283*tau_s) + (1.036105*tau_s^2) (R2=0.9891)
