Before: 73.317646 + (0.000000*1) + (-15.451607*tau_s) + (1.118381*tau_s^2) (R2=0.9975)
After: 73.317646 + (0.000000*1) + (-15.451607*tau_s) + (1.118381*tau_s^2) (R2=0.9975)
