Before: 19.766920 + (0.000000*1) + (-0.155564*tau_i) + (0.001572*tau_i^2) (R2=0.0688)
After: 16.000000 + (0.000000*1) + (0.000000*tau_i) + (0.000000*tau_i^2) (R2=1.0000)
