Before: 7.862847 + (0.000000*1) + (0.321732*tau_i) + (-0.003165*tau_i^2) (R2=0.6981)
After: 16.000000 + (0.000000*1) + (0.000000*tau_i) + (0.000000*tau_i^2) (R2=1.0000)
