Before: 3970.768781 + (0.000000*1) + (148.375225*Vs0) + (1.390347*Vs0^2) (R2=0.9317)
After: 3970.768781 + (0.000000*1) + (148.375225*Vs0) + (1.390347*Vs0^2) (R2=0.9317)
