Before: 2199.038861 + (0.000000*1) + (80.549575*Vs0) + (0.742442*Vs0^2) (R2=1.0000)
After: 2199.038861 + (0.000000*1) + (80.549575*Vs0) + (0.742442*Vs0^2) (R2=1.0000)
