Before: 0.283760 + (0.000000*1) + (0.688516*g_s) + (-1.488520*g_s^2) (R2=0.7228)
After: 0.283760 + (0.000000*1) + (0.688516*g_s) + (-1.488520*g_s^2) (R2=0.7228)
