Before: -0.206101 + (0.000000*1) + (2.898517*g_s) + (-3.917333*g_s^2) (R2=0.9547)
After: -0.206101 + (0.000000*1) + (2.898517*g_s) + (-3.917333*g_s^2) (R2=0.9547)
