Before: 105.836608 + (0.000000*1) + (-87.269378*delta_Vus) + (20.186280*delta_Vus^2) (R2=0.9921)
After: 105.836608 + (0.000000*1) + (-87.269378*delta_Vus) + (20.186280*delta_Vus^2) (R2=0.9921)
