Before: 155.936180 + (0.000000*1) + (-142.941758*delta_Vus) + (35.442308*delta_Vus^2) (R2=0.9049)
After: 155.936180 + (0.000000*1) + (-142.941758*delta_Vus) + (35.442308*delta_Vus^2) (R2=0.9049)
