Before: 1.582060 + (0.000000*1) + (-1.326146*delta_Vus) + (0.321908*delta_Vus^2) (R2=0.8343)
After: 1.582060 + (0.000000*1) + (-1.326146*delta_Vus) + (0.321908*delta_Vus^2) (R2=0.8343)
