Before: 0.806417 + (0.000000*1) + (-0.455992*delta_Vus) + (0.082281*delta_Vus^2) (R2=0.9605)
After: 0.806417 + (0.000000*1) + (-0.455992*delta_Vus) + (0.082281*delta_Vus^2) (R2=0.9605)
