Before: 43.097911 + (0.000000*1) + (-2802.014389*g_us) + (65419.400939*g_us^2) (R2=0.9640)
After: 43.097911 + (0.000000*1) + (-2802.014389*g_us) + (65419.400939*g_us^2) (R2=0.9640)
