Before: 41.264477 + (0.000000*1) + (-2592.706607*g_us) + (60184.007131*g_us^2) (R2=0.9329)
After: 41.264477 + (0.000000*1) + (-2592.706607*g_us) + (60184.007131*g_us^2) (R2=0.9329)
