Before: -95.165906 + (0.000000*1) + (402.588046*g_s) + (-360.490133*g_s^2) (R2=0.8309)
After: 81.961879 + (0.000000*1) + (-327.498889*g_s) + (389.299499*g_s^2) (R2=0.7367)
