Before: 31.515947 + (0.000000*1) + (-117.864816*g_s) + (173.110507*g_s^2) (R2=0.9868)
After: 31.515947 + (0.000000*1) + (-117.864816*g_s) + (173.110507*g_s^2) (R2=0.9868)
