Before: 27.660695 + (0.000000*1) + (-48.342964*g_us) + (2816.745387*g_us^2) (R2=0.1001)
After: 27.660695 + (0.000000*1) + (-48.342964*g_us) + (2816.745387*g_us^2) (R2=0.1001)
