Before: 27.352148 + (0.000000*1) + (-6.023389*g_us) + (1322.561323*g_us^2) (R2=0.1495)
After: 27.352148 + (0.000000*1) + (-6.023389*g_us) + (1322.561323*g_us^2) (R2=0.1495)
