Before: 0.702166 + (0.000000*1) + (0.009243*Vi0) + (0.000048*Vi0^2) (R2=0.0944)
After: 1.001846 + (0.000000*1) + (0.015403*Vi0) + (0.000080*Vi0^2) (R2=0.6623)
