Before: 0.067560 + (0.000000*1) + (-0.005044*Vi0) + (-0.000031*Vi0^2) (R2=0.6246)
After: 0.067560 + (0.000000*1) + (-0.005044*Vi0) + (-0.000031*Vi0^2) (R2=0.6246)
