Equation: -3.919961 + (0.000000*1) + (-0.089010*Vs0) + (-0.000828*Vus0)
R2: 0.2787
