Equation: 97.020818 + (0.000000*1) + (0.148522*Vs0) + (0.004608*Vus0)
R2: 0.0906
