Before: 20.750666 + (0.000000*1) + (-0.261118*g_syn_i) + (0.003168*g_syn_i^2) (R2=0.0702)
After: 16.000000 + (0.000000*1) + (0.000000*g_syn_i) + (0.000000*g_syn_i^2) (R2=1.0000)
