Before: 13.889160 + (0.000000*1) + (0.132793*g_syn_i) + (-0.002078*g_syn_i^2) (R2=0.1604)
After: 16.000000 + (0.000000*1) + (0.000000*g_syn_i) + (0.000000*g_syn_i^2) (R2=1.0000)
