Before: 51.079401 + (0.000000*1) + (0.834099*Vus0) + (0.007299*Vus0^2) (R2=0.5314)
After: 45.598489 + (0.000000*1) + (0.629878*Vus0) + (0.005428*Vus0^2) (R2=0.8006)
