Before: 27.311115 + (0.000000*1) + (-0.080791*Vus0) + (-0.001470*Vus0^2) (R2=0.8086)
After: 27.311115 + (0.000000*1) + (-0.080791*Vus0) + (-0.001470*Vus0^2) (R2=0.8086)
