Before: 0.137315 + (0.000000*1) + (-0.000380*tau_s) + (0.006814*tau_s^2) (R2=0.9095)
After: 0.137315 + (0.000000*1) + (-0.000380*tau_s) + (0.006814*tau_s^2) (R2=0.9095)
