Before: -0.118917 + (0.000000*1) + (0.114183*tau_s) + (-0.005524*tau_s^2) (R2=0.9850)
After: -0.118917 + (0.000000*1) + (0.114183*tau_s) + (-0.005524*tau_s^2) (R2=0.9850)
