Before: -289.183148 + (0.000000*1) + (-11.043714*Vs0) + (-0.104998*Vs0^2) (R2=1.0000)
After: -289.183148 + (0.000000*1) + (-11.043714*Vs0) + (-0.104998*Vs0^2) (R2=1.0000)
