Before: -455.226468 + (0.000000*1) + (-17.390206*Vs0) + (-0.165529*Vs0^2) (R2=0.9859)
After: -455.226468 + (0.000000*1) + (-17.390206*Vs0) + (-0.165529*Vs0^2) (R2=0.9859)
