Equation: 0.417328 + (0.000000*1) + (-0.000633*g_syn_i) + (-0.000858*tau_i) + (0.002170*Vi_threshold) + (0.000560*Vi0)
R2: 0.2397
