Before: -5.751609 + (0.000000*1) + (-0.234168*Vus0) + (-0.002192*Vus0^2) (R2=0.9863)
After: -5.633471 + (0.000000*1) + (-0.229691*Vus0) + (-0.002149*Vus0^2) (R2=0.9270)
