Before: -5.927869 + (0.000000*1) + (-0.237612*Vus0) + (-0.002194*Vus0^2) (R2=0.6290)
After: -4.645997 + (0.000000*1) + (-0.189541*Vus0) + (-0.001748*Vus0^2) (R2=0.8667)
