Equation: 0.949389 + (0.000000*1) + (-7.881584*g_us) + (-0.187487*delta_Vus) + (-0.000887*tau_us)
R2: 0.9062
