Equation: -0.143888 + (0.000000*1) + (22.082360*g_us) + (-0.012446*delta_Vus) + (-0.000027*tau_us)
R2: 0.4910
