Equation: 0.000000 + (0.000000*1) + (0.000000*Vs0) + (0.000000*Vus0)
R2: 1.0000
