Equation: -0.326476 + (0.000000*1) + (-0.028873*Vs0) + (0.015816*Vus0)
R2: 0.8827
