Equation: 7.349051 + (0.000000*1) + (-0.002852*Vs0) + (0.015302*Vus0)
R2: 0.0031
