Equation: 182.986230 + (0.000000*1) + (2.162394*Vs0) + (1.145166*Vus0)
R2: 0.9066
