Equation: 26.305821 + (0.000000*1) + (0.020118*g_syn_i) + (-0.004411*tau_i) + (0.048743*Vi_threshold) + (-0.018170*Vi0)
R2: 0.1089
