Before: 20.123806 + (0.000000*1) + (8.482610*g_s) + (12.688125*g_s^2) (R2=0.9295)
After: 20.123806 + (0.000000*1) + (8.482610*g_s) + (12.688125*g_s^2) (R2=0.9295)
