Before: 20.432138 + (0.000000*1) + (9.968607*g_s) + (8.685314*g_s^2) (R2=0.9705)
After: 20.432138 + (0.000000*1) + (9.968607*g_s) + (8.685314*g_s^2) (R2=0.9705)
