Before: 0.533593 + (0.000000*1) + (0.057534*tau_s) + (-0.015154*tau_s^2) (R2=0.3839)
After: 0.533593 + (0.000000*1) + (0.057534*tau_s) + (-0.015154*tau_s^2) (R2=0.3839)
