Before: 0.943836 + (0.000000*1) + (-0.093827*tau_s) + (-0.002327*tau_s^2) (R2=0.9883)
After: 0.943836 + (0.000000*1) + (-0.093827*tau_s) + (-0.002327*tau_s^2) (R2=0.9883)
