Equation: 11.869269 + (0.000000*1) + (0.078512*g_syn_i) + (-0.005523*tau_i) + (0.200213*Vi_threshold) + (-0.058047*Vi0)
R2: 0.0902
