Before: 24.542128 + (0.000000*1) + (0.192435*g_syn_i) + (-0.003042*g_syn_i^2) (R2=0.0138)
After: 24.153900 + (0.000000*1) + (0.197572*g_syn_i) + (-0.002724*g_syn_i^2) (R2=0.9150)
