Before: 25.030279 + (0.000000*1) + (0.124370*g_syn_i) + (-0.001430*g_syn_i^2) (R2=0.8114)
After: 25.030279 + (0.000000*1) + (0.124370*g_syn_i) + (-0.001430*g_syn_i^2) (R2=0.8114)
