Equation: 2.881722 + (0.000000*1) + (-3.516387*g_s) + (-0.142829*tau_s)
R2: 0.5391
