Equation: 2.474935 + (0.000000*1) + (-2.949802*g_s) + (-0.119399*tau_s)
R2: 0.9717
