Equation: 27.593356 + (0.000000*1) + (7.627850*g_us) + (-0.103739*delta_Vus) + (-0.000425*tau_us)
R2: 0.0028
