Equation: 427.034201 + (0.000000*1) + (-3730.122367*g_us) + (52.465540*delta_Vus) + (-0.082063*tau_us)
R2: 0.0493
