Before: -0.343854 + (0.000000*1) + (0.004940*tau_us) + (-0.000007*tau_us^2) (R2=0.4880)
After: -0.272278 + (0.000000*1) + (0.004674*tau_us) + (-0.000007*tau_us^2) (R2=0.9423)
