Before: -0.108522 + (0.000000*1) + (0.004099*tau_us) + (-0.000007*tau_us^2) (R2=0.0656)
After: -0.161569 + (0.000000*1) + (0.004151*tau_us) + (-0.000006*tau_us^2) (R2=0.8877)
