Before: 21.255528 + (0.000000*1) + (-0.566427*Vi_threshold) + (-0.012467*Vi_threshold^2) (R2=0.2259)
After: 25.088658 + (0.000000*1) + (-0.223079*Vi_threshold) + (-0.004821*Vi_threshold^2) (R2=0.5313)
