Before: 26.936762 + (0.000000*1) + (-0.007682*Vi_threshold) + (0.000904*Vi_threshold^2) (R2=0.4280)
After: 27.691037 + (0.000000*1) + (0.059449*Vi_threshold) + (0.002388*Vi_threshold^2) (R2=0.4329)
