Equation: 356.567326 + (0.000000*1) + (0.301167*Vs0) + (0.051901*Vus0)
R2: 0.0053
