Equation: 162.872746 + (0.000000*1) + (2.658840*Vs0) + (0.053030*Vus0)
R2: 0.9977
