Equation: 0.785853 + (0.000000*1) + (-0.004394*g_syn_i) + (-0.000624*tau_i) + (-0.010681*Vi_threshold) + (0.003417*Vi0)
R2: 0.0934
