Equation: 86.263883 + (0.000000*1) + (-890.390196*g_us) + (-20.479710*delta_Vus) + (-0.078498*tau_us)
R2: 0.8200
