Equation: 0.036613 + (0.000000*1) + (97.496929*g_us) + (0.014238*delta_Vus) + (0.000380*tau_us)
R2: 0.4521
