Before: 256.080962 + (0.000000*1) + (8.055477*Vus0) + (0.066024*Vus0^2) (R2=0.9803)
After: 256.080962 + (0.000000*1) + (8.055477*Vus0) + (0.066024*Vus0^2) (R2=0.9803)
