Before: 274.209244 + (0.000000*1) + (8.818090*Vus0) + (0.073963*Vus0^2) (R2=0.9970)
After: 274.209244 + (0.000000*1) + (8.818090*Vus0) + (0.073963*Vus0^2) (R2=0.9970)
