Before: 0.201453 + (0.000000*1) + (0.004084*tau_i) + (-0.000053*tau_i^2) (R2=0.8071)
After: 0.201453 + (0.000000*1) + (0.004084*tau_i) + (-0.000053*tau_i^2) (R2=0.8071)
