Before: 0.437470 + (0.000000*1) + (-0.005956*tau_i) + (0.000050*tau_i^2) (R2=0.6582)
After: 0.437470 + (0.000000*1) + (-0.005956*tau_i) + (0.000050*tau_i^2) (R2=0.6582)
