Before: 0.425734 + (0.000000*1) + (-14.598782*g_us) + (256.580489*g_us^2) (R2=0.7698)
After: 0.425734 + (0.000000*1) + (-14.598782*g_us) + (256.580489*g_us^2) (R2=0.7698)
