Before: 0.512534 + (0.000000*1) + (-24.830121*g_us) + (570.556046*g_us^2) (R2=0.9075)
After: 0.512534 + (0.000000*1) + (-24.830121*g_us) + (570.556046*g_us^2) (R2=0.9075)
