Before: -0.636413 + (0.000000*1) + (-1.437041*Vi_threshold) + (-0.030956*Vi_threshold^2) (R2=0.2079)
After: 8.875959 + (0.000000*1) + (-0.590438*Vi_threshold) + (-0.012237*Vi_threshold^2) (R2=0.3957)
