Before: 4.524663 + (0.000000*1) + (-1.118448*Vi_threshold) + (-0.027141*Vi_threshold^2) (R2=0.5863)
After: 16.000000 + (0.000000*1) + (0.000000*Vi_threshold) + (0.000000*Vi_threshold^2) (R2=1.0000)
