Before: 71.137413 + (0.000000*1) + (-0.335683*tau_us) + (0.000491*tau_us^2) (R2=0.8333)
After: 52.342103 + (0.000000*1) + (-0.203698*tau_us) + (0.000261*tau_us^2) (R2=0.7902)
