Before: 72.791058 + (0.000000*1) + (-0.331732*tau_us) + (0.000457*tau_us^2) (R2=0.9303)
After: 72.791058 + (0.000000*1) + (-0.331732*tau_us) + (0.000457*tau_us^2) (R2=0.9303)
