Before: 26.087620 + (0.000000*1) + (0.045778*tau_i) + (-0.000308*tau_i^2) (R2=0.7131)
After: 26.087620 + (0.000000*1) + (0.045778*tau_i) + (-0.000308*tau_i^2) (R2=0.7131)
