Before: 30.817753 + (0.000000*1) + (-0.154070*tau_i) + (0.001728*tau_i^2) (R2=0.7020)
After: 30.817753 + (0.000000*1) + (-0.154070*tau_i) + (0.001728*tau_i^2) (R2=0.7020)
