Before: 25.461421 + (0.000000*1) + (2.979106*delta_Vus) + (-1.052532*delta_Vus^2) (R2=0.0817)
After: 16.694299 + (0.000000*1) + (12.610830*delta_Vus) + (-3.630034*delta_Vus^2) (R2=0.3488)
