Before: 20.792428 + (0.000000*1) + (8.142628*delta_Vus) + (-2.432573*delta_Vus^2) (R2=0.1772)
After: 20.792428 + (0.000000*1) + (8.142628*delta_Vus) + (-2.432573*delta_Vus^2) (R2=0.1772)
