Before: 1.260758 + (0.000000*1) + (0.065401*Vi_threshold) + (0.001349*Vi_threshold^2) (R2=0.2066)
After: 0.701356 + (0.000000*1) + (0.015614*Vi_threshold) + (0.000248*Vi_threshold^2) (R2=0.7068)
