Before: 0.931895 + (0.000000*1) + (0.041118*Vi_threshold) + (0.000953*Vi_threshold^2) (R2=0.6304)
After: 0.427437 + (0.000000*1) + (-0.007177*Vi_threshold) + (-0.000199*Vi_threshold^2) (R2=0.2510)
