Before: -129.074255 + (0.000000*1) + (-4.950683*Vs0) + (-0.047276*Vs0^2) (R2=1.0000)
After: -129.074255 + (0.000000*1) + (-4.950683*Vs0) + (-0.047276*Vs0^2) (R2=1.0000)
