Before: -201.472836 + (0.000000*1) + (-7.688116*Vs0) + (-0.073074*Vs0^2) (R2=0.7377)
After: -201.472836 + (0.000000*1) + (-7.688116*Vs0) + (-0.073074*Vs0^2) (R2=0.7377)
