Equation: -21.517716 + (0.000000*1) + (42.880786*g_s) + (3.627233*tau_s)
R2: 0.6330
