Equation: -16.499079 + (0.000000*1) + (36.486852*g_s) + (3.267519*tau_s)
R2: 0.6897
