Before: 0.489551 + (0.000000*1) + (0.001410*tau_i) + (-0.000030*tau_i^2) (R2=0.6196)
After: 0.489551 + (0.000000*1) + (0.001410*tau_i) + (-0.000030*tau_i^2) (R2=0.6196)
