Before: 0.743316 + (0.000000*1) + (-0.008294*tau_i) + (0.000065*tau_i^2) (R2=0.8253)
After: 0.562653 + (0.000000*1) + (-0.001076*tau_i) + (-0.000006*tau_i^2) (R2=0.7410)
