Before: -0.572881 + (0.000000*1) + (0.978721*delta_Vus) + (-0.206200*delta_Vus^2) (R2=0.9835)
After: -0.572881 + (0.000000*1) + (0.978721*delta_Vus) + (-0.206200*delta_Vus^2) (R2=0.9835)
