Before: -2.742529 + (0.000000*1) + (3.386292*delta_Vus) + (-0.863150*delta_Vus^2) (R2=0.4542)
After: -0.941713 + (0.000000*1) + (1.405790*delta_Vus) + (-0.332500*delta_Vus^2) (R2=0.9801)
