Before: 1.283908 + (0.000000*1) + (0.014779*Vi0) + (0.000067*Vi0^2) (R2=0.8590)
After: 1.283908 + (0.000000*1) + (0.014779*Vi0) + (0.000067*Vi0^2) (R2=0.8590)
