Before: 1.417552 + (0.000000*1) + (0.016955*Vi0) + (0.000074*Vi0^2) (R2=0.3042)
After: 0.199704 + (0.000000*1) + (-0.008079*Vi0) + (-0.000054*Vi0^2) (R2=0.9407)
