Before: -1.781584 + (0.000000*1) + (-0.622568*Vi0) + (-0.003286*Vi0^2) (R2=0.5055)
After: 4.311948 + (0.000000*1) + (-0.497310*Vi0) + (-0.002644*Vi0^2) (R2=0.8855)
