Before: 36.119306 + (0.000000*1) + (0.200318*Vi0) + (0.001159*Vi0^2) (R2=0.5596)
After: 36.119306 + (0.000000*1) + (0.200318*Vi0) + (0.001159*Vi0^2) (R2=0.5596)
