Before: 24.254412 + (0.000000*1) + (0.022883*tau_us) + (-0.000040*tau_us^2) (R2=0.0249)
After: 25.561480 + (0.000000*1) + (0.015570*tau_us) + (-0.000031*tau_us^2) (R2=0.0890)
