Before: 25.994806 + (0.000000*1) + (0.012473*tau_us) + (-0.000026*tau_us^2) (R2=0.0386)
After: 25.538843 + (0.000000*1) + (0.014165*tau_us) + (-0.000025*tau_us^2) (R2=0.0408)
