Before: 0.520593 + (0.000000*1) + (-0.004079*g_syn_i) + (0.000106*g_syn_i^2) (R2=0.0273)
After: 0.586516 + (0.000000*1) + (-0.004952*g_syn_i) + (0.000052*g_syn_i^2) (R2=0.5856)
