Before: 0.710810 + (0.000000*1) + (-0.012399*g_syn_i) + (0.000169*g_syn_i^2) (R2=0.7926)
After: 0.710810 + (0.000000*1) + (-0.012399*g_syn_i) + (0.000169*g_syn_i^2) (R2=0.7926)
