t1 = 4.3;
t2 = 278;