Before: -1.111583 + (0.000000*1) + (-0.067002*Vus0) + (-0.000779*Vus0^2) (R2=0.9531)
After: -1.111583 + (0.000000*1) + (-0.067002*Vus0) + (-0.000779*Vus0^2) (R2=0.9531)
