Before: -0.484468 + (0.000000*1) + (-0.043680*Vus0) + (-0.000561*Vus0^2) (R2=0.9937)
After: -0.484468 + (0.000000*1) + (-0.043680*Vus0) + (-0.000561*Vus0^2) (R2=0.9937)
