Before: 0.142461 + (0.000000*1) + (33.440727*g_us) + (-660.837188*g_us^2) (R2=0.9068)
After: 0.142461 + (0.000000*1) + (33.440727*g_us) + (-660.837188*g_us^2) (R2=0.9068)
