Before: 0.161911 + (0.000000*1) + (30.331136*g_us) + (-587.154814*g_us^2) (R2=0.8969)
After: 0.161911 + (0.000000*1) + (30.331136*g_us) + (-587.154814*g_us^2) (R2=0.8969)
