Before: 0.529985 + (0.000000*1) + (-0.000988*tau_us) + (0.000000*tau_us^2) (R2=0.9020)
After: 0.529985 + (0.000000*1) + (-0.000988*tau_us) + (0.000000*tau_us^2) (R2=0.9020)
