Before: 0.756458 + (0.000000*1) + (-0.002707*tau_us) + (0.000003*tau_us^2) (R2=0.8993)
After: 0.756458 + (0.000000*1) + (-0.002707*tau_us) + (0.000003*tau_us^2) (R2=0.8993)
