Before: 14.985530 + (0.000000*1) + (-55.951564*g_s) + (53.803428*g_s^2) (R2=0.8175)
After: -5.715160 + (0.000000*1) + (29.372729*g_s) + (-33.823493*g_s^2) (R2=0.7067)
