Before: 0.360364 + (0.000000*1) + (3.867887*g_s) + (-7.212720*g_s^2) (R2=0.9940)
After: 0.360364 + (0.000000*1) + (3.867887*g_s) + (-7.212720*g_s^2) (R2=0.9940)
