Before: 3292.752908 + (0.000000*1) + (124.078769*Vs0) + (1.170553*Vs0^2) (R2=0.9881)
After: 3292.752908 + (0.000000*1) + (124.078769*Vs0) + (1.170553*Vs0^2) (R2=0.9881)
