Before: 2632.204105 + (0.000000*1) + (98.322453*Vs0) + (0.919778*Vs0^2) (R2=1.0000)
After: 2632.204105 + (0.000000*1) + (98.322453*Vs0) + (0.919778*Vs0^2) (R2=1.0000)
