Equation: -0.660132 + (0.000000*1) + (16.653197*g_us) + (0.371497*delta_Vus) + (0.001012*tau_us)
R2: 0.3457
