Equation: 74.685383 + (0.000000*1) + (-1039.072808*g_us) + (0.294797*delta_Vus) + (-0.011673*tau_us)
R2: 0.2905
