Before: 0.513110 + (0.000000*1) + (-0.014802*g_syn_i) + (0.000214*g_syn_i^2) (R2=0.4046)
After: 0.412772 + (0.000000*1) + (-0.008637*g_syn_i) + (0.000123*g_syn_i^2) (R2=0.4990)
