Before: 0.339315 + (0.000000*1) + (-0.003093*g_syn_i) + (0.000028*g_syn_i^2) (R2=0.6248)
After: 0.339315 + (0.000000*1) + (-0.003093*g_syn_i) + (0.000028*g_syn_i^2) (R2=0.6248)
