Before: 22.970264 + (0.000000*1) + (0.203055*Vi0) + (0.001370*Vi0^2) (R2=0.2187)
After: 16.000000 + (0.000000*1) + (0.000000*Vi0) + (0.000000*Vi0^2) (R2=1.0000)
