Before: -15.222339 + (0.000000*1) + (-0.638403*Vi0) + (-0.003248*Vi0^2) (R2=0.6305)
After: 16.000000 + (0.000000*1) + (0.000000*Vi0) + (0.000000*Vi0^2) (R2=1.0000)
