Before: 14.938926 + (0.000000*1) + (-3.515310*tau_s) + (0.863386*tau_s^2) (R2=0.9863)
After: 14.938926 + (0.000000*1) + (-3.515310*tau_s) + (0.863386*tau_s^2) (R2=0.9863)
