Before: 23.479135 + (0.000000*1) + (-6.699630*tau_s) + (1.134928*tau_s^2) (R2=0.7419)
After: 23.479135 + (0.000000*1) + (-6.699630*tau_s) + (1.134928*tau_s^2) (R2=0.7419)
