Equation: 42.005138 + (0.000000*1) + (17.841997*g_s) + (-5.406527*tau_s)
R2: 0.9652
