Equation: 41.479733 + (0.000000*1) + (19.342617*g_s) + (-5.415149*tau_s)
R2: 0.9796
